365092
365093
365094
365095
365096
365097
365098
365099
365100
365101
365102
365103
365104
365105
365106
365107
365108
365109
365116
365118
365119
365120
365121
365122
365123
365124
365125
365126
365127
365128
365129
365130
365131
365132
365133
365134
365135
365136
365137
365138
365139
365140
365141
365142
365143
365144
365145
365146
365147
365148
365149
365150
365151
365152
365153
365154
365155
365156
365157
365158
365159
365160
365161
365162
365163
365164
365166
365167
365168
365170
365171
365172
365173
365174
365175
365176
365177
365178
365179
365180
365181
365182
365183
365184
365185
365187
365189
365190
365191
365192
365193
365194
365195
365196
365197
365198
365199
365200
365202
365204
365206
365207
365208
365210
365212
365214
365216
365217
365218
365219
365220
365221
365222
365223
365224
365225
365226
365227
365228
365229
365230
365231
365232
365233
365234
365235
365236
365237
365238
365239
365240
365241
365242
365243
365244
365245
365246
365247
365248
365249
365250
365251
365252
365253
365254
365255
365256
365257
365258
365259
365260
365261
365262
365263
365264
365265
365266
365267
365268
365269
365270
365271
365272
365273
365274
365275
365276
365277
365278
365279
365280
365281
365282
365283
365284
365285
365286
365287
365288
365289
365290
365291
365292
365293
365294
365295
365296
365297
365298
365299
365300
365301
365302
365303
365304
365305
365306
365307
365309
365310
365311
365312
365313
365314
365315
365316
365317
365318
365319
365320
365321
365322
365323
365325
365327
365328
365330
365334
365335
365336
365337
365338
365342
365343
365344
365345
365346
365347
365348
365349
365350
365351
365352
365353
365354
365355
365356
365357
365358
365359
365360
365361
365362
365363
365364
365365
365366
365367
365368
365369
365370
365371
365372
365373
365374
365375
365376
365377
365378
365379
365380
365381
365382
365383
365384
365385
365386
365387
365388
365389
365390
365391
365394
365395
365397
365398
365401
365402
365405
365406
365409
365410
365414
365430
365431
365432
365440
365441
365444
365445
365446
365447
365448
365449
365450
365451
365452
365453
365454
365455
365456
365457
365458
365459
365460
365461
365464
365465
365466
365469
365470
365471
365472
365473
365474
365475
365476
365477
365478
365479
365480
365481
365483
365484
365485
365486
365487
365488
365489
365490
365491
365492
365493
365494
365495
365496
365497
365498
365499
365500
365501
365502
365503
365505
365506
365507
365508
365509
365510
365511
365512
365513
365514
365515
365516
365517
365518
365519
365520
365521
365522
365523
365524
365525
365526
365527
365528
365530
365531
365532
365533
365534
365535
365536
365537
365538
365539
365540
365541
365543
365545
365546
365547
365548
365559
365560
365564
365566
365569
365570
365571
365572
365573
365574
365575
365576
365577
365578
365579
365586
365595
365600
365601
365602
365603
365604
365605
365607
365608
365609
365610
365611
365612
365613
365614
365615
365616
365617
365618
365619
365620
365621
365622
365623
365624
365625
365626
365627
365628
365629
365630
365631
365632
365633
365634
365635
365636
365637
365638
365639
365640
365641
365642
365646
365647
365648
365649
365650
365651
365652
365653
365654
365655
365656
365657
365658
365659
365660
365661
365662
365663
365664
365665
365666
365667
365668
365669
365670
365671
365673
365674
365675
365676
365677
365678
365679
365680
365681
365682
365683
365684
365685
365686
365687
365689
365690
365691
365693
365694
365695
365696
365697
365698
365699
365700
365701
365702
365703
365704
365708
365709
365710
365711
365712
365713
365720
365723
365724
365725
365726
365727
365728
365729
365730
365731
365732
365733
365734
365735
365736
365737
365738
365739
365740
365741
365742
365743
365744
365745
365746
365754
365763
365764
365765
365766
365767
365768
365769
365770
365771
365772
365773
365774
365776
365777
365781
365782
365784
365785
365786
365788
365790
365791
365792
365793
365794
365795
365796
365797
365798
365799
365800
365801
365802
365803
365804
365805
365806
365807
365808
365809
365810
365811
365812
365813
365814
365815
365816
365817
365818
365819
365820
365821
365822
365823
365824
365825
365826
365827
365828
365829
365830
365831
365832
365836
365837
365838
365839
365840
365842
365843
365844
365845
365846
365847
365848
365849
365850
365851
365852
365853
365854
365855
365856
365857
365858
365859
365860
365867
365868
365869
365870
365883
365884
365885
365886
365887
365888
365889
365890
365892
365893
365894
365895
365896
365897
365898
365899
365900
365901
365902
365903
365904
365905
365906
365907
365908
365909
365910
365911
365912
365913
365914
365915
365916
365917
365918
365919
365920
365921
365922
365923
365924
365925
365926
365927
365929
365930
365931
365932
365933
365934
365935
365936
365937
365938
365939
365940
365941
365942
365943
365944
365945
365947
365948
365949
365950
365951
365952
365953
365954
365955
365956
365957
365958
365959
365971
365972
365973
365974
365975
365976
365977
365978
365979
365980
365981
365982
365983
365984
365985
365986
365987
365988
365989
365991
365992
365993
365994
365995
365996
365998
365999
366000
366001
366002
366003
366004
366005
366012
366017
366018
366019
366020
366021
366022
366023
366024
366025
366026
366027
366028
366029
366030
366031
366032
366033
366034
366035
366036
366037
366038
366039
366040
366041
366042
366043
366044
366045
366046
366047
366048
366049
366050
366051
366052
366053
366054
366055
366056
366058
366059
366060
366061
366062
366063
366064
366065
366066
366067
366068
366069
366070
366071
366072
366073
366074
366075
366076
366077
366078
366079
366080
366081
366082
366083
366084
366085
366086
366087
366088
366089
366090
366091
366092
366093
366094
366095
366096
366097
366098
366099
366100
366101
366102
366103
366104
366105
366106
366107
366108
366109
366110
366111
366113
366114
366115
366116
366117
366118
366119
366120
366121
366122
366123
366124
366125
366126
366127
366128
366129
366130
366131
366132
366137
366138
366143
366144
366145
366146
366147
366148
366149
366150
366151
366153
366154
366156
366157
366158
366159
366167
366168
366169
366170
366171
366172
366173
366174
366175
366176
366177
366178
366179
366180
366181
366182
366183
366184
366185
366186
366187
366188
366189
366190
366191
366192
366194
366195
366196
366197
366198
366199
366200
366201
366202
366203
366204
366205
366206
366207
366208
366216
366217
366625
366626
366627
366628
366629
366632
366633
366634
366636
366637
366638
366639
366640
366645
366646
366647
366648
366649
366650
366651
366652
366653
366654
366655
366656
366657
366658
366659
366660
366661
366662
366663
366664
366665
366666
366667
366668
366669
366670
366671
366672
366673
366674
366675
366676
366677
366678
366679
366680
366681
366682
366683
366684
366685
366686
366687
366688
366689
366690
366691
366692
366693
366694
366695
366696
366697
366698
366699
366700
366701
366702
366703
366704
366705
366706
366707
366708
366709
366710
366711
366712
366713
366714
366715
366716
366717
366718
366719
366720
366721
366722
366723
366724
366725
366726
366727
366957
366958
366959
366960
366963
366964
366968
366969
366970
366971
366972
366973
366974
366975
366976
366977
366978
366979
366980
366981
366982
366983
366984
366985
366986
366987
366989
366990
366991
366993
366996
366997
366998
366999
367000
367001
367002
367003
